# empty
0
# no triangle inequality
3
99 3 1
99 99 99
2 1 99
# all triangle inequality
4
99 2 -1 0.5
99 99 -2 99
99 99 99 3
99 99 99 99
# cycle
3
99 1 99
99 99 1
1 99 99
# negative cycle
2
99 -1
-1 99
# bouncing paths
4
99 1 4 5
99 99 2 4
99 99 99 1
99 99 99 99
# strip
5
99 1 99 99 99
99 99 1 99 99
99 99 99 1 99
99 99 99 99 1
99 99 99 99 99
# big example(full graph)
10
99 3 4 5 2 8 5 7 3 8
2 99 1 5 3 4 2 8 5 7
3 6 99 1 5 3 2 5 4 3
8 4 1 99 4 5 3 9 5 4
1 5 8 3 99 2 5 4 3 8
4 3 2 8 4 99 1 5 4 2
8 7 3 4 9 2 99 4 5 3
8 4 7 2 4 1 7 99 4 3
7 4 2 5 4 3 8 9 99 5
8 4 2 4 7 3 2 9 8 99