# simple 2-line 6-station
2 6
2 7 9 3 4 8 4 3
4 8 5 6 4 5 7 2
2 3 1 3 4
2 1 2 2 1
# simple 3-line 5-station
2 5
1 6 1 1 1 6 2
3 3 3 3 3 3 1
1 1 2 1
1 1 1 1
# empty
0 0
# one-line
2 3
1 2 3 4 5
9 9 9 9 9
1 1 2
9 9 9
# specific route
2 10
1 100 1 100 1 100 100 1 100 100 100 1
1 1 100 1 100 100 100 100 1 100 100 1
1 1 1 1 1 1 1 1 1 1
1 1 1 1 1 1 1 1 1 1
# big input
2 19
1 9 1 9 1 9 1 9 1 9 1 9 1 9 1 9 1 9 1 9 1
1 1 9 1 9 1 9 1 9 1 9 1 9 1 9 1 9 0 9 1 1
1 1 1 1 1 1 1 1 1 1 1 1 1 1 1 1 1 1
1 1 1 1 1 1 1 1 1 1 1 1 1 1 1 1 1 1
# float
2 4
1.0 1.0 1.5 2.0 2.5 1.0
1.0 2.5 2.0 1.5 1.0 1.0
1.0 1.0 1.0
1.0 1.0 1.0